[50830.95814932]
[48794.45115478]
[45807.38455484]
[42715.50767617]
[39817.56180192]
[37226.50870322]
[34930.84371141]
[32944.21662474]
[31241.76463867]
[29791.67962121]
[28509.9797492]
[27433.94511676]
[26502.66345221]
[25696.66864544]
[24996.31394383]
[24384.35739795]
[23846.2215351]
[23370.00841286]
[22945.814683]
[22565.47568125]
[22222.24553959]
[21910.82729329]
[21626.66912793]
[21366.07351751]
[21126.00341014]
[20903.93357435]
[20697.752751]
[20505.69967582]
[20326.27652147]
[20158.22255392]